SALARY,EDUC,EXPER,TIME,MALE
3900,12,0,1,0
4020,10,44,7,0
4290,12,5,30,0
4380,8,6,7,0
4380,8,8,6,0
4380,12,0,7,0
4380,12,0,10,0
4380,12,5,6,0
4440,15,75,2,0
4500,8,52,3,0
4500,12,8,19,0
4620,12,52,3,0
4800,8,70,20,0
4800,12,6,23,0
4800,12,11,12,0
4800,12,11,17,0
4800,12,63,22,0
4800,12,144,24,0
4800,12,163,12,0
4800,12,228,26,0
4800,12,381,1,0
4800,16,214,15,0
4980,8,318,25,0
5100,8,96,33,0
5100,12,36,15,0
5100,12,59,14,0
5100,15,115,1,0
5100,15,165,4,0
5100,16,123,12,0
5160,12,18,12,0
5220,8,102,29,0
5220,12,127,29,0
5280,8,90,11,0
5280,8,190,1,0
5280,12,107,11,0
5400,8,173,34,0
5400,8,228,33,0
5400,12,26,11,0
5400,12,36,33,0
5400,12,38,22,0
5400,12,82,29,0
5400,12,169,27,0
5400,12,244,1,0
5400,15,24,13,0
5400,15,49,27,0
5400,15,51,21,0
5400,15,122,33,0
5520,12,97,17,0
5520,12,196,32,0
5580,12,133,30,0
5640,12,55,9,0
5700,12,90,23,0
5700,12,117,25,0
5700,15,51,17,0
5700,15,61,11,0
5700,15,241,34,0
6000,12,121,30,0
6000,15,79,13,0
6120,12,209,21,0
6300,12,87,33,0
6300,15,231,15,0
4620,12,12,22,1
5040,15,14,3,1
5100,12,180,15,1
5100,12,315,2,1
5220,12,29,14,1
5400,12,7,21,1
5400,12,38,11,1
5400,12,113,3,1
5400,15,18,8,1
5400,15,359,11,1
5700,15,36,5,1
6000,8,320,21,1
6000,12,24,2,1
6000,12,32,17,1
6000,12,49,8,1
6000,12,56,33,1
6000,12,252,11,1
6000,12,272,19,1
6000,15,25,13,1
6000,15,36,32,1
6000,15,56,12,1
6000,15,64,33,1
6000,15,108,16,1
6000,16,46,3,1
6300,15,72,17,1
6600,15,64,16,1
6600,15,84,33,1
6600,15,216,16,1
6840,15,42,7,1
6900,12,175,10,1
6900,15,132,24,1
8100,16,55,33,1
