Country,Life expectancy,Adult Mortality,infant deaths,percentage expenditure,BMI,Total expenditure,Population,Schooling,lGDP,lHIV
Afghanistan,58.8,279,74,79.67936736,16.7,9.2,2883167,9.2,6.315952653,-2.302585093
Albania,76.2,91,1,41.82275719,54.3,5.34,291321,12.5,6.203261634,-2.302585093
Algeria,74.7,119,21,430.7175861,53.9,5.12,36117637,13.6,8.403664893,-2.302585093
Angola,49.6,365,78,191.6537407,2.4,3.39,23369131,9,8.168921362,0.916290732
Argentina,75.5,121,10,187.610955,59.8,6.55,41223889,16.8,7.151693123,-2.302585093
Armenia,73.5,132,1,224.3212014,51.2,4.56,2877311,12.3,8.076633921,-2.302585093
Australia,81.9,64,1,8875.786493,63.9,9.2,223175,19.5,10.85658933,-2.302585093
Austria,84,75,0,7423.228774,55.2,11.17,836344,15.4,10.75059173,-2.302585093
Azerbaijan,71.1,13,5,246.5686008,48,5.33,954332,11.7,8.672975312,-2.302585093
Bangladesh,69.9,142,126,62.65945432,15.2,3.6,15214912,8.9,6.630250254,-2.302585093
Belarus,73,222,0,8.49409518,59.3,5.55,949583,15.5,4.149286716,-2.302585093
Belgium,80,81,0,665.7356115,61.9,1.17,1895586,15.9,8.398012597,-2.302585093
Belize,69.5,186,0,569.9527122,47,5.85,32168,12.4,8.376585799,-1.609437912
Benin,58.7,254,25,94.25737917,23,4.95,9199259,9.5,6.630282215,0.336472237
Bhutan,67.9,228,1,244.0391949,2.3,5.17,727641,11.4,7.686585255,-0.693147181
Bosnia and Herzegovina,76.4,94,0,630.3883564,53.1,9.58,372284,13.3,8.436302603,-2.302585093
Botswana,61.1,349,2,547.0386679,35.2,5.64,214866,12.3,8.755604592,1.824549292
Brazil,73.8,154,54,1111.191325,52,8.27,196796269,13.8,9.325823414,-2.302585093
Bulgaria,73.4,147,1,766.4454884,62.7,7.24,7395599,13.9,8.831019986,-2.302585093
Burkina Faso,57.5,279,43,90.46018236,16.6,7.17,1565217,6.3,6.355146179,0
Burundi,56.8,33,23,31.14187566,16.1,8.82,876693,9.3,5.443258593,0.641853886
Cabo Verde,72.5,123,0,286.8907303,27.5,4.83,52384,12.7,8.105556876,-0.916290732
Cambodia,66.6,192,14,56.88416481,16.4,5.95,143874,10.6,6.666565983,-0.693147181
Cameroon,55.3,37,53,100.8987451,26,5.28,1997495,9.7,7.075698314,1.704748092
Canada,81.2,7,2,8649.674911,64.1,11.2,345274,15.9,10.76737861,-2.302585093
Central African Republic,49.2,446,17,43.48359197,2.2,3.9,4448525,6.6,6.101312739,1.887069649
Chad,51.2,364,46,43.57328908,17.1,2.95,1188722,6.7,6.798576075,1.410986974
Chile,79.1,89,2,177.4925143,6.6,6.97,16993354,15.2,7.159430029,-2.302585093
China,75,92,231,5.660754839,28.1,4.89,133775,12.5,6.123616053,-2.302585093
Colombia,73.6,15,12,113.2436346,54.2,6.76,4591897,12.8,6.438799804,-2.302585093
Comoros,61.8,246,2,47.30421873,21.6,5.82,689692,10.5,6.645317587,-2.302585093
Costa Rica,78.1,16,1,2377.010299,55.5,9.66,454528,13.3,9.011818043,-2.302585093
Croatia,76.6,16,0,206.8868182,6.6,8.25,4417781,14.2,7.212107032,-2.302585093
Cyprus,79.5,59,0,283.3300258,57.8,7.23,111267,14.6,8.247603516,-2.302585093
Denmark,79.2,84,0,954.4865933,57,11.8,5547683,16.8,8.672727694,-2.302585093
Djibouti,61.3,273,1,187.4960097,32.2,8.84,851146,5.5,7.189920089,1.131402111
Dominican Republic,72.7,166,6,664.5585242,53.6,4.6,9897985,12.9,8.603677189,-0.105360516
Ecuador,75,134,7,367.9285652,5.7,5.9,1493469,13.1,8.44619623,-2.302585093
El Salvador,72,191,2,469.3904193,52.8,6.91,6164626,12.9,8.153174907,-1.203972804
Equatorial Guinea,56.1,339,3,1192.696619,22.1,3.84,95114,9.2,9.748962801,1.974081026
Eritrea,62.1,298,6,17.35739784,16,3.24,43984,5.1,6.178255145,-0.105360516
Estonia,75.6,137,0,1802.017593,57.6,6.25,1331475,16.2,9.591420447,-2.302585093
Ethiopia,61.8,261,162,67.73374413,15.6,6.86,877267,8.1,5.833054576,0.530628251
Fiji,69.1,2,0,62.08343533,58.7,4.23,85995,14.6,8.203021146,-2.302585093
Finland,79.9,89,0,591.6691405,6.2,9.5,5363352,16.8,8.438672609,-2.302585093
France,81.3,86,3,72.8001211,6.1,11.2,6527512,16,6.159819841,-2.302585093
Gabon,62.3,294,2,145.318282,33.5,3.41,16421,12.5,9.077278969,1.945910149
Georgia,73.8,132,1,194.1732658,52,1.5,3926,13.3,7.994456019,-2.302585093
Germany,81,76,2,7584.078579,59.9,11.25,8177693,16.7,10.64030603,-2.302585093
Ghana,69,267,40,195.9824626,25.5,5.33,2451214,10.5,7.179822753,0.641853886
Greece,83,76,0,3189.754439,63.7,9.18,11121341,16.4,10.20054153,-2.302585093
Guatemala,77,196,12,443.3248254,47.2,6.64,1463417,10.5,7.946449361,-0.916290732
Guinea,57.8,291,29,29.74734049,2.8,4.55,179417,8.3,6.083932817,0.78845736
Guinea-Bissau,56.7,287,4,53.30782696,23.1,6.7,155588,8.9,6.298870968,1.774952351
Guyana,65.9,221,0,48.02859441,42.4,6.6,746556,10.2,5.787759623,-0.916290732
Haiti,36.3,682,23,36.2929176,44.2,8.9,9999617,8.6,6.4956877,0.641853886
Honduras,73.6,156,4,302.1057507,46.8,8.45,8194778,11.5,7.566755166,-0.916290732
Hungary,74.5,156,0,19.22023996,61.7,7.85,123,15.3,7.189570518,-2.302585093
Iceland,81.8,53,0,6005.575763,58.9,8.86,31841,18.4,10.63769139,-2.302585093
India,66.4,196,1200,57.73359864,15.9,4.28,12398691,10.4,7.204722756,-1.609437912
Indonesia,68.1,187,138,190.5453646,22.9,2.74,242524123,12.1,8.04349839,-1.203972804
Iraq,76,145,32,21.82252494,55.8,3.82,376271,10.4,6.115338948,-2.302585093
Ireland,86,68,0,4509.234803,58.9,8.76,456155,18.2,10.79011438,-2.302585093
Israel,81.7,61,1,409.4109292,63,7.36,76236,15.7,8.205763087,-2.302585093
Italy,81.8,6,2,5219.668802,61,9.42,59277417,16.4,10.48708137,-2.302585093
Jamaica,75,138,1,396.6270975,5.5,5.3,281721,12.7,8.451636216,-0.693147181
Japan,83,62,3,863.0061491,26.9,9.58,1287,15.1,8.40238292,-2.302585093
Jordan,73.4,117,4,715.9709092,61.7,8.42,718239,13.2,8.210448646,-2.302585093
Kazakhstan,67.8,236,7,11.1516268,49.2,4.42,16321581,14.5,4.581389371,-2.302585093
Kenya,63,294,61,56.58984221,18.9,3.97,4135152,11.1,6.874558028,1.458615023
Kiribati,65.3,27,0,18.21661422,75.2,1.52,12652,11.9,7.308653374,-2.302585093
Latvia,72.8,18,0,1109.969508,58.9,6.55,297555,16,9.334875624,-2.302585093
Lebanon,74.9,94,1,805.3956346,63.5,7.19,4337141,13.3,9.078387878,-2.302585093
Lesotho,51.1,527,4,154.8705998,29.7,1.87,24551,10.9,7.067543285,2.595254707
Liberia,59.7,272,9,41.91052416,24.5,11.87,3948125,9.6,5.791261984,0.587786665
Lithuania,72.4,188,0,1423.802386,6,7.9,397282,16.8,9.391400181,-2.302585093
Luxembourg,86,73,0,2267.252192,59.2,7.68,56953,13.7,9.613493543,-2.302585093
Madagascar,63.3,248,32,76.60442169,18,4.86,2115164,10.2,6.022816258,-0.693147181
Malawi,52.9,462,35,9.728005297,17.6,1.5,1516795,10.2,6.128762967,2.617395833
Malaysia,74.1,131,3,65.56659662,35.3,3.99,28112289,12.8,6.87869405,-2.302585093
Maldives,76.7,73,0,91.13971812,22.1,7.93,367,11.6,6.451725527,-2.302585093
Mali,56.5,273,54,9.585584394,2.7,6.35,157585,7.3,4.361538581,0.405465108
Malta,83,62,0,278.0687051,67.6,8.3,41458,14.6,7.690649325,-2.302585093
Mauritania,62,214,8,8.353074798,27.4,3.28,369543,7.6,4.815298809,0.182321557
Mauritius,73.3,163,0,0.108055973,3.7,5.29,1254,14,2.125422048,-1.609437912
Mexico,75.6,127,35,1033.039737,6.1,6.39,117318941,12.5,9.100478788,-2.302585093
Mongolia,66.3,25,1,22.31624272,46.9,4.7,271265,14.3,5.581063499,-2.302585093
Montenegro,75.3,115,0,635.4849381,59.1,6.9,619428,15,8.807214699,-2.302585093
Morocco,72.8,11,20,183.6592186,53.6,5.86,3249639,10.7,7.949531643,-2.302585093
Mozambique,54,47,69,5.743393664,2.5,5.38,2422145,9.3,6.038409712,2.379546134
Myanmar,65.4,29,49,17.48293752,19.8,1.92,5155896,8.8,6.895416046,-0.693147181
Namibia,63,299,3,719.5535161,31.8,7.89,217317,11.4,8.554794095,1.824549292
Nepal,68,178,23,84.62302524,16.4,6.43,2723137,11.1,6.38381659,-1.609437912
Netherlands,88,64,1,1035.621437,59.3,1.48,16615394,17,8.582654068,-2.302585093
Nicaragua,73.2,154,3,302.7045411,5.2,6.58,5737723,11.4,7.330731461,-2.302585093
Niger,58.2,252,50,5.883760536,17.3,6.36,16425578,4.5,5.852637761,-0.105360516
Nigeria,52,374,521,133.1230872,22.2,3.47,158578261,9.5,7.752475549,1.568615918
Norway,81,66,0,15268.06445,58.9,9.26,4889252,17.4,11.38106985,-2.302585093
Pakistan,65.1,172,372,0.66751505,21.9,3.2,1756182,7.5,2.649168044,-2.302585093
Panama,76.5,122,1,1199.319976,54.2,8.5,3643222,12.8,8.979323398,-2.302585093
Papua New Guinea,61.8,286,10,18.99961966,44.9,4.18,718239,9.6,7.2202854,0.09531018
Paraguay,73.2,152,3,359.9760397,46.4,9.1,629877,12.4,8.078871702,-2.302585093
Peru,73.7,14,10,69.43934508,52.2,5.3,29373646,13.3,6.258611952,-1.609437912
Philippines,67.9,218,58,198.2563794,22.6,4.37,93726624,11.4,7.663642133,-2.302585093
Poland,76.3,13,2,220.4916851,58.4,6.88,3842794,15.1,9.441414383,-2.302585093
Portugal,79.6,88,0,3119.349824,58.1,1.44,15731,16,10.02298711,-2.302585093
Romania,73.4,153,2,983.2518091,56.9,5.83,2246871,15.8,9.02370757,-2.302585093
Russian Federation,68.4,256,15,162.8088054,57.5,6.83,142849449,13.7,7.423561107,-1.609437912
Rwanda,62.8,26,16,63.78723633,18.3,7.91,1246842,10,6.334152226,0.832909123
Samoa,72.6,144,0,434.7940679,72.5,5.7,18625,12.9,8.14713985,-2.302585093
Sao Tome and Principe,66.2,24,0,63.04032682,26.9,5.24,174776,10.6,7.02975604,-0.693147181
Senegal,64.3,212,21,1.020071763,21.7,4.62,12916229,7.7,2.45370636,-0.916290732
Serbia,74.4,128,1,774.4396617,57,1.9,7291436,13.6,8.596351343,-2.302585093
Seychelles,72.4,18,0,16.49232317,33.5,3.59,8977,13.2,5.218648801,-2.302585093
Sierra Leone,48.1,424,27,5.347717533,21.7,1.32,645872,8.7,3.809512159,0.470003629
Slovenia,79.5,87,0,3187.496219,57,9.7,248583,16.9,10.0620914,-2.302585093
Solomon Islands,68.3,188,0,29.5207994,46.4,7.47,52779,9.3,7.14869808,-2.302585093
South Africa,58,428,43,1038.885632,47.2,8.5,5979432.36,12.8,8.90419033,2.397895273
Spain,81.9,64,1,578.7417172,63.5,9.56,46576897,16.4,8.225831825,-2.302585093
Sri Lanka,74.5,138,3,191.7267589,19.8,3.43,2119,13.5,7.944318802,-2.302585093
Suriname,73,19,0,99.08095375,54.8,5.81,52613,12.3,6.725409706,-0.693147181
Swaziland,53.6,459,2,56.93670561,29.7,8.47,122843,11,5.911445041,3.072693315
Sweden,81.5,58,0,778.2477467,57.3,9.47,9378126,15.8,8.570972017,-2.302585093
Switzerland,82.3,57,0,2198.590865,55.4,11.7,782499,15.4,11.21555284,-2.302585093
Tajikistan,67.3,171,10,43.34099958,36.6,6.4,764163,11.1,6.604414612,-1.609437912
Thailand,73.9,158,10,71.6850913,27.9,3.81,672888,13.1,6.354929467,-1.609437912
Timor-Leste,66.9,163,2,38.58376645,15.5,0.92,119591,12.4,6.745074804,-2.302585093
Togo,57.4,323,14,41.96145465,21.4,5.37,652952,11,6.190159433,1.335001067
Tonga,72.8,142,0,471.8307668,72.7,4.59,14137,14.4,8.174026527,-2.302585093
Trinidad and Tobago,74,179,0,1389.772683,42,5.29,13281,12.5,9.722202205,-0.916290732
