Country,Life expectancy,Adult Mortality,infant deaths,percentage expenditure,BMI,Total expenditure,Population,Schooling,lGDP,lHIV
Tunisia,,12,3,64.85616718,56.5,6.54,1639931,14.4,6.026232501,-2.302585093
Turkey,,116,21,32.78235828,61.9,5.61,72326914,13,7.422116226,-2.302585093
Turkmenistan,,211,7,385.325164,44.2,1.99,58721,10.6,8.398236217,-2.302585093
Uganda,,362,79,116.202964,16.3,11.2,33915133,10.9,6.388556793,2.079441542
Ukraine,,212,5,375.6835376,58.5,7.81,45877,14.9,7.994680325,-1.609437912
Uruguay,,118,0,2331.532804,61.2,8.63,3374415,15.6,9.387499627,-2.302585093
Uzbekistan,,183,20,119.4571154,4.7,5.34,285624,11.9,7.228258835,-1.609437912
Vanuatu,,145,0,471.8626525,49.1,4.71,236295,10.8,7.994910296,-2.302585093
Zambia,,363,30,184.3649102,2.7,4.41,138533,11.8,7.288390373,1.916922612
Zimbabwe,,527,29,53.30858081,29.4,5.37,1486317,10,6.570372496,2.753660712
